#col0row15[msb-lsb],col0row6[msb-lst],....,col0row0[msb-lst]#
#col1row15[msb-lsb],col1row6[msb-lst],....,col1row0[msb-lst]#
#................#
1100001000101111110011110011110100110011110000011110111000001111
0010000100010000001100000010011111100111110100011101111000110101
0011000100011011111000110010111000011100111000110000111000000001
0000001000001110000000000011000100000000000000100000111100000000
0000000111111001000100110000101111011101110111110010110001001101
1101000001001011000100100001001110110100101000010001100110101101
0000001000001111111100000011000100010000000000010000000011110000
1101000110010000111011010000100100011101100100000100110010010000
1100000100110000110111110011111100110011110101000000000111101110
1111000100100000000011110010011111110111101100011111000000110011
0100000111111001111100000010110001011110111100110001111000000010
0000000100001111000000000100000100010000000000100000000000000000
0001000100101110000000100000111110011011111111110011110101011110
1001000100011010110001000000001100100010110011100110100111010000
0000000100000000000000000011000100010000111100000000000000000000
1010000110111101001011100001100111011011001100110101111111000011
1011000111101110001011110010111100010010110101001111011010111111
0000000100001110000000010000011000010100111000001111000101000000
0000000100011101111000000001111111101101111100010000110000010011
0000001000001110000000000011000100010000000000100000111100000000
0010000000001001000111110000111000011110111100010101010100010001
0000000111011100000001001110110000010000000110110011100100001111
0000000100000000000000000011000100000000000000010000111100000000
1010000010101001111111110100000011011101010001110010000110100001
0010001000111111111011110010000001110000011000011010101111000000
1111000101011111000111100010001100010100000000010010000111000011
1111000100010011000000100010011100100001001100110001111001111101
0000001011111111000000000011000100010001000000100000000000000001
0111000011100011000111100001110011101101100100011111110111111010
1010000001010111100111000001001010111110001101000111001000111111
0000001011111110000000000011000100000000000000100000000100000001
1011000110010100111111000000111000000001100111100001000110100100
0110001000110111000100000001011100001100011100011100110010011110
1110000000101101111111110010001100000010111000100010010011000100
1111000111111001000000000010010001110100010100111110111001011110
0001001000001111000000010011000100000001000000010000000000000001
0110000111110111001011000001010110111010110100110000110100101011
1001000100100111100110110000010001101001001100100111001100110011
0001000100011111000000000011000000001111111100010000000000000001
1001000110011111011010110000010010100001000111100011000011000110
0111000100011111010100100001011111101100011100011101000110011101
1110000111011100000000010001000100000000111100000000001111100010
1101000100101101000100100010010011110010010100011100101100000000
0000001000001111111100000011000100010000000000010000000000010001
0111000111000101000110100000010001111010110101000011001000101101
0000000111110111100111001110110101111001000111010111010000100001
0000000100001111000000000011000100010000000000010001000000010000
1001000010101001010010110001011111000101011000000010001111100001
0100001000011110110100000000110101011100111111000101110010111110
0000001001110011001000000010111000100100010000010111001010111101
0001000100011110111000100001001000101111111111110001111101001111
0000001000001111000000000010000100010000000000010000000000010000
1101000110111101000011110000110100000011111000010000010111101001
1111000100010001110011010000111110111111010000111101110100000101
0000001011111110111100000100000100000000000000111111000100000001
1101001000100101100110110001000000001110100111111001101111111010
0110001000110011111011111111010100001010000110110110101010111101
0010001001000010000100010010110101000010001000100111010010011111
0001000100001001111011110001111101000000000111010001111100111111
0001000100001111000000010011000000011111000000100000000100010000
1110000110010011111111110000001000000001111100011111010011011001
1101000100110111100111010000001100001011001000010001111011110111
0000001000001110000000000101000100010000111100100000000000000001
1101000100101111111110110001111010011111111011101001110001001001
0010000100011111000000001111001111111010111110110001110011011110
0001000111111111001000100001110100110000000000010011001110111111
1110000100001101111100000010000111101111001111100001110111100000
0000001000000000000000010011000000001111000000100000000100011111
0001001010011101111011100000000101110000111100010001010000001001
0010000000100000110111111110000001001011000111010000000100000010
0000001000001111000000000101000100011111111100100000000100011111
1110000000111001001010100001001011000001000111111100001001011001
