#time0row7[msb-lsb],time0row6[msb-lst],....,time0row0[msb-lst]#
#time1row7[msb-lsb],time1row6[msb-lst],....,time1row0[msb-lst]#
#................#
00010000000000110000000000100000
00010000000000110000000000100000
00000000000000100000000000010000
00000000000000000000000000000000
00000000000000000000000000000000
00110010000000010000000000000000
01110001001001100000000000000100
00010000000000110000000000100000
00010000000000110000000000100000
00010000000000110000000000100000
00010000000000110000000000100000
00010000000000110000000000100000
00010000000000110000000000100000
00010000000000110000000000100000
00010000000000100000000000100000
00010000000000110000000000100000
00010000000000110000000000100000
00010000000000110000000000100000
00010000000000110000000000100000
00010000000000110000000000100000
00010000000000110000000000100000
00010000000000110000000000100000
00010000000000110000000000100000
00010000000000110000000000100000
00010000000000110000000000100000
00010000000000110000000000100000
00010000000000110000000000100000
00010000000000110000000000100000
00010000000000110000000000100000
00010000000000110000000000100000
00010000000000110000000000100000
00010000000000110000000000100000
00010000000000110000000000100000
00010000000000110000000000100000
00010000000000110000000000100000
00010000000000110000000000100000
00000000000000100000000000010000
00000000000000000000000000000000
00000000000000000000000000000000
00110010000000010000000000000000
01110001001001100000000000000100
00100000000000110000000000100000
00100000000000110000000000100000
00100000000000110000000000100000
00100000000000110000000000100000
00100000000000110000000000100000
00010000000000110000000000100000
00010000000000110000000000100000
00010000000000110000000000100000
00010000000000110000000000100000
00010000000000110000000000100000
00010000000000110000000000100000
00100000000000110000000000100000
00100000000000110000000000100000
00010000000000100000000000100000
00010000000000100000000000100000
00010000000000110000000000100000
00010000000000110000000000100000
00100000000000110000000000100000
00100000000000110000000000100000
00010000000000100000000000100000
00010000000000100000000000100000
00010000000000110000000000100000
00010000000000110000000000100000
