#col0row7[msb-lsb],col0row6[msb-lst],....,col0row0[msb-lst]#
#col1row7[msb-lsb],col1row6[msb-lst],....,col1row0[msb-lst]#
#................#
00100111110110010010001100100111
11101111111011011111111111100001
00101101100110011001001111110111
11011111110110011110111100110000
11110111010111001110000010011100
11111110110111110000110111111110
11110111001011100100000001111110
00010001000000000001111111110000
01000000011110011010010010110110
00000000110011101111110111001110
01000110011111110111010111010111
11010111010010011101000011010001
11101001011101110001000111111001
11101111111111101110110111010000
00000011111000011100001001110001
00000001100111101111111111000000
01010000000101111100010001000111
00000001110111110000111111000000
00110111001110010100010110010001
11100100111111101101000111110000
11011001011101000001000111101110
00000000111011101101111011100101
00100011100101001010001111110011
00000001111011111110110011011111
01000001100110011110001000110111
11111111110111111111111111001110
00101100001001111011010100000111
00001101011011010101001111010111
00001100000011001110000001111111
11111110111111010000000011011111
00001111001011011111001001111101
00101111111111111111111011101111
01100011011110010111001010010111
00001110110111101101111110101110
01100011011101110111010000010010
11110111101110010111010110010111
11101001011111011001000001110000
00000111011111010000000011011111
00010111011100011011001001111101
11110001100111001110110011001101
01010111011101110110010011010001
11111111111011100000000010011110
01000011011100100110010011110111
00100111101100100111010110010111
00001001011111011101001110011110
00000111000011001110001011100001
00000111011111111010001000010010
11100000101011011110110011011110
00100000100111010001000100001010
00010010110111100001001000001111
01100010110101110110011011000010
00011001011101000001001010010001
00000111001001000001000010011001
00110001110011010000001100010000
00111010001010011100001001100111
00001101110111001110110000011101
00110111111000000011001110011101
00010010111111010000001111101111
01100100111001000111001011100001
01000000100101110010001110010110
11110111011111001010111111110000
00110101111010110100001100000000
00101101100111101101000101111101
11101110000010111011101111101101
01000100101100000001001110011101
00000001000111000000010011010001
00110111000010100010001000000000
01010010111001110100001110010001
00010011100110010000000111010011
00110110000011010011010011100000
00100000111110011101001010010001
11111101000011101110111011011110
